[2pt_xip_like]
angle_range_xip_1_1 = 2.475 999.0
angle_range_xip_1_2 = 6.21691892 999.0
angle_range_xip_1_3 = 6.21691892 999.0
angle_range_xip_1_4 = 4.93827423 999.0
angle_range_xip_2_2 = 6.21691892 999.0
angle_range_xip_2_3 = 6.21691892 999.0
angle_range_xip_2_4 = 6.21691892 999.0
angle_range_xip_3_3 = 6.21691892 999.0
angle_range_xip_3_4 = 6.21691892 999.0
angle_range_xip_4_4 = 4.93827423 999.0


