[2pt_wtheta_like]
angle_range_wtheta_1_1 = 39.22610651 999.0
angle_range_wtheta_2_2 = 24.75 999.0
angle_range_wtheta_3_3 = 19.65962381 999.0
angle_range_wtheta_4_4 = 15.61619428 999.0
angle_range_wtheta_5_5 = 12.40438403 999.0 


